1.4
2.7
3.5/4
4.11
5.3
6.6
7.5
8.8
9.12
10.14
11.12
12.11
13.5
14.19
15.10
16.14
17.3
18.4
19.7
20.18
21.12
22.4
23.9
24.9
25.2
26.23
27.2
28.16
29.18
30.2
31.5
32.20
33.1
34.29
35.10
36.12
37.1
38.2
39.4
40.8
41.6
42.12
43.10
44.15
45.18
46.14
47.14
48.2
49.3
50.8
51.3
52.13
53.34
54.4
55.10
56.16
57.5/3
58.12
59.5/2
60.10
61.4/3
62.8
63.1
64.6
65.6
66.27
67.6
68.10
69.6
70.17
71.9
72.2
73.3
74.12
75.3
76.8
77.4
78.10
79.20
80.10
81.20
82.11
83.24
84.2
85.1
86.12
87.6
88.1
89.5
90.7
91.5
92.3
93.5
94.2
95.8
96.6
97.8
98.7
99.3/2
100.3/2
